LCG
0.698413
0.428571
0.492063
0.888889
0.619048
0.68254
0.0793651
0.809524
0.873016
0.269841
0
0.0634921
0.460317
0.190476
0.253968
0.650794
0.380952
0.444444
0.84127
0.571429
0.634921
0.031746
0.761905
0.825397
0.222222
0.952381
0.015873
0.412698
0.142857
0.206349
0.603175
0.333333
0.396825
0.793651
0.52381
0.587302
0.984127
0.714286
0.777778
0.174603
0.904762
0.968254
0.365079
0.0952381
0.15873
0.555556
0.285714
0.349206
0.746032
0.47619
0.539683
0.936508
0.666667
0.730159
0.126984
0.857143
0.920635
0.31746
0.047619
0.111111
0.507937
0.238095
0.301587
0.698413
0.428571
0.492063
0.888889
0.619048
0.68254
0.0793651
0.809524
0.873016
0.269841
0
0.0634921
0.460317
0.190476
0.253968
0.650794
0.380952
0.444444
0.84127
0.571429
0.634921
0.031746
0.761905
0.825397
0.222222
0.952381
0.015873
0.412698
0.142857
0.206349
0.603175
0.333333
0.396825
0.793651
0.52381
0.587302
0.984127
Midle Square 
0.5825
0.9306
0.6016
0.1922
0.694
0.1636
0.6764
0.7516
0.4902
0.1296
0.6796
0.1856
0.4447
0.7758
0.1865
0.4782
0.8675
0.2556
0.5331
0.4195
Evaluarea erori numerelor care se afla in interiorul arcului de cerc 0.141593